epoch: 0, train_loss: 0.14388976341863607
Consume:  54373.448847055435
epoch: 1, train_loss: 0.09922180118505097
Consume:  108753.51900410652
epoch: 2, train_loss: 0.08694021306886651
Consume:  163408.84583497047
